       JobID  AllocCPUS     AveCPU   AvePages     AveRSS  AveVMSize  ReqCPUS 
------------ ---------- ---------- ---------- ---------- ---------- -------- 
3001                  8                                                    8 
3001.batch            8                                                    8 
3001.0                8                                                    8 
3002                  8                                                    8 
3002.batch            8                                                    8 
3002.0                8                                                    8 
3003                  8                                                    8 
3003.batch            8                                                    8 
3003.0                8                                                    8 
3004                  8                                                    8 
3004.batch            8                                                    8 
3004.0                8                                                    8 
3005                  8                                                    8 
3005.batch            8                                                    8 
3005.0                8                                                    8 
3006                 15                                                   15 
3006.batch           15                                                   15 
3006.0               15                                                   15 
3007                  8                                                    8 
3007.batch            8                                                    8 
3007.0                8                                                    8 
3008                 15                                                   15 
3008.batch           15                                                   15 
3008.0               15                                                   15 
3009                 15                                                   15 
3009.batch           15                                                   15 
3009.0               15                                                   15 
3010                 15                                                   15 
3010.batch           15                                                   15 
3010.0               15                                                   15 
3011                  8                                                    8 
3011.batch            8                                                    8 
3011.0                8                                                    8 
3012                 30                                                   30 
3012.batch           30                                                   30 
3012.0               30                                                   30 
3013                  8                                                    8 
3013.batch            8                                                    8 
3013.0                8                                                    8 
3014                120                                                  120 
3014.batch          120                                                  120 
3014.0              120                                                  120 
3015                  8                                                    8 
3015.batch            8                                                    8 
3015.0                8                                                    8 
3016                  8                                                    8 
3016.batch            8                                                    8 
3016.0                8                                                    8 
3017                  8                                                    8 
3017.batch            8                                                    8 
3017.0                8                                                    8 
3018                  8                                                    8 
3018.batch            8                                                    8 
3018.0                8                                                    8 
3019                  8                                                    8 
3019.batch            8                                                    8 
3019.0                8                                                    8 
3020                 23                                                   23 
3020.batch           23                                                   23 
3020.0               23                                                   23 
3021                 30                                                   30 
3021.batch           30                                                   30 
3021.0               30                                                   30 
3022                 30                                                   30 
3022.batch           30                                                   30 
3022.0               30                                                   30 
3023                  8                                                    8 
3023.batch            8                                                    8 
3023.0                8                                                    8 
3024                  8                                                    8 
3024.batch            8                                                    8 
3024.0                8                                                    8 
3025                 30                                                   30 
3025.batch           30                                                   30 
3025.0               30                                                   30 
3026                 60                                                   60 
3026.batch           60                                                   60 
3026.0               60                                                   60 
3027                 15                                                   15 
3027.batch           15                                                   15 
3027.0               15                                                   15 
3028                 15                                                   15 
3028.batch           15                                                   15 
3028.0               15                                                   15 
3029                  8                                                    8 
3029.batch            8                                                    8 
3029.0                8                                                    8 
3030                  8                                                    8 
3030.batch            8                                                    8 
3030.0                8                                                    8 
3031                 23                                                   23 
3031.batch           23                                                   23 
3031.0               23                                                   23 
3032                 15                                                   15 
3032.batch           15                                                   15 
3032.0               15                                                   15 
3033                 23                                                   23 
3033.batch           23                                                   23 
3033.0               23                                                   23 
3034                  8                                                    8 
3034.batch            8                                                    8 
3034.0                8                                                    8 
3035                 30                                                   30 
3035.batch           30                                                   30 
3035.0               30                                                   30 
3036                 38                                                   38 
3036.batch           38                                                   38 
3036.0               38                                                   38 
3037                  8                                                    8 
3037.batch            8                                                    8 
3037.0                8                                                    8 
3038                  8                                                    8 
3038.batch            8                                                    8 
3038.0                8                                                    8 
3039                 15                                                   15 
3039.batch           15                                                   15 
3039.0               15                                                   15 
3040                 60                                                   60 
3040.batch           60                                                   60 
3040.0               60                                                   60 
3041                 30                                                   30 
3041.batch           30                                                   30 
3041.0               30                                                   30 
3042                  8                                                    8 
3042.batch            8                                                    8 
3042.0                8                                                    8 
3043                  8                                                    8 
3043.batch            8                                                    8 
3043.0                8                                                    8 
3044                 15                                                   15 
3044.batch           15                                                   15 
3044.0               15                                                   15 
3045                  8                                                    8 
3045.batch            8                                                    8 
3045.0                8                                                    8 
3046                 15                                                   15 
3046.batch           15                                                   15 
3046.0               15                                                   15 
3047                 15                                                   15 
3047.batch           15                                                   15 
3047.0               15                                                   15 
3048                  8                                                    8 
3048.batch            8                                                    8 
3048.0                8                                                    8 
3049                  8                                                    8 
3049.batch            8                                                    8 
3049.0                8                                                    8 
3050                 23                                                   23 
3050.batch           23                                                   23 
3050.0               23                                                   23 
3051                  8                                                    8 
3051.batch            8                                                    8 
3051.0                8                                                    8 
3052                 30                                                   30 
3052.batch           30                                                   30 
3052.0               30                                                   30 
3053                 23                                                   23 
3053.batch           23                                                   23 
3053.0               23                                                   23 
3054                  8                                                    8 
3054.batch            8                                                    8 
3054.0                8                                                    8 
3055                  8                                                    8 
3055.batch            8                                                    8 
3055.0                8                                                    8 
3056                  8                                                    8 
3056.batch            8                                                    8 
3056.0                8                                                    8 
3057                 60                                                   60 
3057.batch           60                                                   60 
3057.0               60                                                   60 
3058                 30                                                   30 
3058.batch           30                                                   30 
3058.0               30                                                   30 
3059                  8                                                    8 
3059.batch            8                                                    8 
3059.0                8                                                    8 
3060                  8                                                    8 
3060.batch            8                                                    8 
3060.0                8                                                    8 
3061                  8                                                    8 
3061.batch            8                                                    8 
3061.0                8                                                    8 
3062                  8                                                    8 
3062.batch            8                                                    8 
3062.0                8                                                    8 
3063                 60                                                   60 
3063.batch           60                                                   60 
3063.0               60                                                   60 
3064                120                                                  120 
3064.batch          120                                                  120 
3064.0              120                                                  120 
3065                  8                                                    8 
3065.batch            8                                                    8 
3065.0                8                                                    8 
3066                  8                                                    8 
3066.batch            8                                                    8 
3066.0                8                                                    8 
3067                  8                                                    8 
3067.batch            8                                                    8 
3067.0                8                                                    8 
3068                 30                                                   30 
3068.batch           30                                                   30 
3068.0               30                                                   30 
3069                 15                                                   15 
3069.batch           15                                                   15 
3069.0               15                                                   15 
3070                 30                                                   30 
3070.batch           30                                                   30 
3070.0               30                                                   30 
3071                 15                                                   15 
3071.batch           15                                                   15 
3071.0               15                                                   15 
3072                 15                                                   15 
3072.batch           15                                                   15 
3072.0               15                                                   15 
3073                 30                                                   30 
3073.batch           30                                                   30 
3073.0               30                                                   30 
3074                  8                                                    8 
3074.batch            8                                                    8 
3074.0                8                                                    8 
3075                 30                                                   30 
3075.batch           30                                                   30 
3075.0               30                                                   30 
3076                 30                                                   30 
3076.batch           30                                                   30 
3076.0               30                                                   30 
3077                  8                                                    8 
3077.batch            8                                                    8 
3077.0                8                                                    8 
3078                  8                                                    8 
3078.batch            8                                                    8 
3078.0                8                                                    8 
3079                 60                                                   60 
3079.batch           60                                                   60 
3079.0               60                                                   60 
3080                  8                                                    8 
3080.batch            8                                                    8 
3080.0                8                                                    8 
3081                 30                                                   30 
3081.batch           30                                                   30 
3081.0               30                                                   30 
3082                 30                                                   30 
3082.batch           30                                                   30 
3082.0               30                                                   30 
3083                  8                                                    8 
3083.batch            8                                                    8 
3083.0                8                                                    8 
3084                  8                                                    8 
3084.batch            8                                                    8 
3084.0                8                                                    8 
3085                 30                                                   30 
3085.batch           30                                                   30 
3085.0               30                                                   30 
3086                  8                                                    8 
3086.batch            8                                                    8 
3086.0                8                                                    8 
3087                  8                                                    8 
3087.batch            8                                                    8 
3087.0                8                                                    8 
3088                 23                                                   23 
3088.batch           23                                                   23 
3088.0               23                                                   23 
3089                  8                                                    8 
3089.batch            8                                                    8 
3089.0                8                                                    8 
3090                 30                                                   30 
3090.batch           30                                                   30 
3090.0               30                                                   30 
3091                 30                                                   30 
3091.batch           30                                                   30 
3091.0               30                                                   30 
3092                 38                                                   38 
3092.batch           38                                                   38 
3092.0               38                                                   38 
3093                 30                                                   30 
3093.batch           30                                                   30 
3093.0               30                                                   30 
3094                 30                                                   30 
3094.batch           30                                                   30 
3094.0               30                                                   30 
3095                  8                                                    8 
3095.batch            8                                                    8 
3095.0                8                                                    8 
3096                  8                                                    8 
3096.batch            8                                                    8 
3096.0                8                                                    8 
3097                  8                                                    8 
3097.batch            8                                                    8 
3097.0                8                                                    8 
3098                  8                                                    8 
3098.batch            8                                                    8 
3098.0                8                                                    8 
3099                120                                                  120 
3099.batch          120                                                  120 
3099.0              120                                                  120 
3100                  8                                                    8 
3100.batch            8                                                    8 
3100.0                8                                                    8 
3101                 15                                                   15 
3101.batch           15                                                   15 
3101.0               15                                                   15 
3102                  8                                                    8 
3102.batch            8                                                    8 
3102.0                8                                                    8 
3103                 30                                                   30 
3103.batch           30                                                   30 
3103.0               30                                                   30 
3104                 30                                                   30 
3104.batch           30                                                   30 
3104.0               30                                                   30 
3105                 15                                                   15 
3105.batch           15                                                   15 
3105.0               15                                                   15 
3106                 15                                                   15 
3106.batch           15                                                   15 
3106.0               15                                                   15 
3107                  8                                                    8 
3107.batch            8                                                    8 
3107.0                8                                                    8 
3108                  8                                                    8 
3108.batch            8                                                    8 
3108.0                8                                                    8 
3109                 30                                                   30 
3109.batch           30                                                   30 
3109.0               30                                                   30 
3110                 30                                                   30 
3110.batch           30                                                   30 
3110.0               30                                                   30 
3111                  8                                                    8 
3111.batch            8                                                    8 
3111.0                8                                                    8 
3112                 15                                                   15 
3112.batch           15                                                   15 
3112.0               15                                                   15 
3113                 60                                                   60 
3113.batch           60                                                   60 
3113.0               60                                                   60 
3114                  8                                                    8 
3114.batch            8                                                    8 
3114.0                8                                                    8 
3115                 30                                                   30 
3115.batch           30                                                   30 
3115.0               30                                                   30 
3116                 30                                                   30 
3116.batch           30                                                   30 
3116.0               30                                                   30 
3117                 30                                                   30 
3117.batch           30                                                   30 
3117.0               30                                                   30 
3118                  8                                                    8 
3118.batch            8                                                    8 
3118.0                8                                                    8 
3119                  8                                                    8 
3119.batch            8                                                    8 
3119.0                8                                                    8 
3120                 30                                                   30 
3120.batch           30                                                   30 
3120.0               30                                                   30 
3121                  8                                                    8 
3121.batch            8                                                    8 
3121.0                8                                                    8 
3122                  8                                                    8 
3122.batch            8                                                    8 
3122.0                8                                                    8 
3123                 15                                                   15 
3123.batch           15                                                   15 
3123.0               15                                                   15 
3124                 30                                                   30 
3124.batch           30                                                   30 
3124.0               30                                                   30 
3125                 15                                                   15 
3125.batch           15                                                   15 
3125.0               15                                                   15 
3126                  8                                                    8 
3126.batch            8                                                    8 
3126.0                8                                                    8 
3127                  8                                                    8 
3127.batch            8                                                    8 
3127.0                8                                                    8 
3128                 15                                                   15 
3128.batch           15                                                   15 
3128.0               15                                                   15 
3129                  8                                                    8 
3129.batch            8                                                    8 
3129.0                8                                                    8 
3130                 30                                                   30 
3130.batch           30                                                   30 
3130.0               30                                                   30 
3131                 30                                                   30 
3131.batch           30                                                   30 
3131.0               30                                                   30 
3132                 60                                                   60 
3132.batch           60                                                   60 
3132.0               60                                                   60 
3133                  8                                                    8 
3133.batch            8                                                    8 
3133.0                8                                                    8 
3134                  8                                                    8 
3134.batch            8                                                    8 
3134.0                8                                                    8 
3135                 15                                                   15 
3135.batch           15                                                   15 
3135.0               15                                                   15 
3136                  8                                                    8 
3136.batch            8                                                    8 
3136.0                8                                                    8 
3137                 15                                                   15 
3137.batch           15                                                   15 
3137.0               15                                                   15 
3138                 15                                                   15 
3138.batch           15                                                   15 
3138.0               15                                                   15 
3139                 30                                                   30 
3139.batch           30                                                   30 
3139.0               30                                                   30 
3140                  8                                                    8 
3140.batch            8                                                    8 
3140.0                8                                                    8 
3141                  8                                                    8 
3141.batch            8                                                    8 
3141.0                8                                                    8 
3142                 30                                                   30 
3142.batch           30                                                   30 
3142.0               30                                                   30 
3143                  8                                                    8 
3143.batch            8                                                    8 
3143.0                8                                                    8 
3144                  8                                                    8 
3144.batch            8                                                    8 
3144.0                8                                                    8 
3145                 23                                                   23 
3145.batch           23                                                   23 
3145.0               23                                                   23 
3146                 15                                                   15 
3146.batch           15                                                   15 
3146.0               15                                                   15 
3147                  8                                                    8 
3147.batch            8                                                    8 
3147.0                8                                                    8 
3148                  8                                                    8 
3148.batch            8                                                    8 
3148.0                8                                                    8 
3149                 15                                                   15 
3149.batch           15                                                   15 
3149.0               15                                                   15 
3150                 30                                                   30 
3150.batch           30                                                   30 
3150.0               30                                                   30 
3151                 15                                                   15 
3151.batch           15                                                   15 
3151.0               15                                                   15 
3152                  8                                                    8 
3152.batch            8                                                    8 
3152.0                8                                                    8 
3153                  8                                                    8 
3153.batch            8                                                    8 
3153.0                8                                                    8 
3154                  8                                                    8 
3154.batch            8                                                    8 
3154.0                8                                                    8 
3155                  8                                                    8 
3155.batch            8                                                    8 
3155.0                8                                                    8 
3156                 60                                                   60 
3156.batch           60                                                   60 
3156.0               60                                                   60 
3157                 30                                                   30 
3157.batch           30                                                   30 
3157.0               30                                                   30 
3158                 15                                                   15 
3158.batch           15                                                   15 
3158.0               15                                                   15 
3159                  8                                                    8 
3159.batch            8                                                    8 
3159.0                8                                                    8 
3160                 60                                                   60 
3160.batch           60                                                   60 
3160.0               60                                                   60 
3161                 30                                                   30 
3161.batch           30                                                   30 
3161.0               30                                                   30 
3162                 23                                                   23 
3162.batch           23                                                   23 
3162.0               23                                                   23 
3163                 23                                                   23 
3163.batch           23                                                   23 
3163.0               23                                                   23 
3164                120                                                  120 
3164.batch          120                                                  120 
3164.0              120                                                  120 
3165                 15                                                   15 
3165.batch           15                                                   15 
3165.0               15                                                   15 
3166                 30                                                   30 
3166.batch           30                                                   30 
3166.0               30                                                   30 
3167                 15                                                   15 
3167.batch           15                                                   15 
3167.0               15                                                   15 
3168                 30                                                   30 
3168.batch           30                                                   30 
3168.0               30                                                   30 
3169                  8                                                    8 
3169.batch            8                                                    8 
3169.0                8                                                    8 
3170                 60                                                   60 
3170.batch           60                                                   60 
3170.0               60                                                   60 
3171                  8                                                    8 
3171.batch            8                                                    8 
3171.0                8                                                    8 
3172                  8                                                    8 
3172.batch            8                                                    8 
3172.0                8                                                    8 
3173                  8                                                    8 
3173.batch            8                                                    8 
3173.0                8                                                    8 
3174                 38                                                   38 
3174.batch           38                                                   38 
3174.0               38                                                   38 
3175                  8                                                    8 
3175.batch            8                                                    8 
3175.0                8                                                    8 
3176                 38                                                   38 
3176.batch           38                                                   38 
3176.0               38                                                   38 
3177                120                                                  120 
3177.batch          120                                                  120 
3177.0              120                                                  120 
3178                  8                                                    8 
3178.batch            8                                                    8 
3178.0                8                                                    8 
3179                  8                                                    8 
3179.batch            8                                                    8 
3179.0                8                                                    8 
3180                 15                                                   15 
3180.batch           15                                                   15 
3180.0               15                                                   15 
3181                  8                                                    8 
3181.batch            8                                                    8 
3181.0                8                                                    8 
3182                  8                                                    8 
3182.batch            8                                                    8 
3182.0                8                                                    8 
3183                 38                                                   38 
3183.batch           38                                                   38 
3183.0               38                                                   38 
3184                 60                                                   60 
3184.batch           60                                                   60 
3184.0               60                                                   60 
3185                 15                                                   15 
3185.batch           15                                                   15 
3185.0               15                                                   15 
3186                  8                                                    8 
3186.batch            8                                                    8 
3186.0                8                                                    8 
3187                 30                                                   30 
3187.batch           30                                                   30 
3187.0               30                                                   30 
3188                 15                                                   15 
3188.batch           15                                                   15 
3188.0               15                                                   15 
3189                 15                                                   15 
3189.batch           15                                                   15 
3189.0               15                                                   15 
3190                 60                                                   60 
3190.batch           60                                                   60 
3190.0               60                                                   60 
3191                 23                                                   23 
3191.batch           23                                                   23 
3191.0               23                                                   23 
3192                  8                                                    8 
3192.batch            8                                                    8 
3192.0                8                                                    8 
3193                 30                                                   30 
3193.batch           30                                                   30 
3193.0               30                                                   30 
3194                 23                                                   23 
3194.batch           23                                                   23 
3194.0               23                                                   23 
3195                 15                                                   15 
3195.batch           15                                                   15 
3195.0               15                                                   15 
3196                  8                                                    8 
3196.batch            8                                                    8 
3196.0                8                                                    8 
3197                 15                                                   15 
3197.batch           15                                                   15 
3197.0               15                                                   15 
3198                  8                                                    8 
3198.batch            8                                                    8 
3198.0                8                                                    8 
3199                  8                                                    8 
3199.batch            8                                                    8 
3199.0                8                                                    8 
3200                 60                                                   60 
3200.batch           60                                                   60 
3200.0               60                                                   60 
3201                  8                                                    8 
3201.batch            8                                                    8 
3201.0                8                                                    8 
3202                 23                                                   23 
3202.batch           23                                                   23 
3202.0               23                                                   23 
3203                  8                                                    8 
3203.batch            8                                                    8 
3203.0                8                                                    8 
3204                  8                                                    8 
3204.batch            8                                                    8 
3204.0                8                                                    8 
3205                 60                                                   60 
3205.batch           60                                                   60 
3205.0               60                                                   60 
3206                 60                                                   60 
3206.batch           60                                                   60 
3206.0               60                                                   60 
3207                  8                                                    8 
3207.batch            8                                                    8 
3207.0                8                                                    8 
3208                 30                                                   30 
3208.batch           30                                                   30 
3208.0               30                                                   30 
3209                 15                                                   15 
3209.batch           15                                                   15 
3209.0               15                                                   15 
3210                 60                                                   60 
3210.batch           60                                                   60 
3210.0               60                                                   60 
3211                 23                                                   23 
3211.batch           23                                                   23 
3211.0               23                                                   23 
3212                  8                                                    8 
3212.batch            8                                                    8 
3212.0                8                                                    8 
3213                120                                                  120 
3213.batch          120                                                  120 
3213.0              120                                                  120 
3214                 15                                                   15 
3214.batch           15                                                   15 
3214.0               15                                                   15 
3215                 15                                                   15 
3215.batch           15                                                   15 
3215.0               15                                                   15 
3216                 60                                                   60 
3216.batch           60                                                   60 
3216.0               60                                                   60 
3217                 60                                                   60 
3217.batch           60                                                   60 
3217.0               60                                                   60 
3218                 23                                                   23 
3218.batch           23                                                   23 
3218.0               23                                                   23 
3219                  8                                                    8 
3219.batch            8                                                    8 
3219.0                8                                                    8 
3220                  8                                                    8 
3220.batch            8                                                    8 
3220.0                8                                                    8 
3221                  8                                                    8 
3221.batch            8                                                    8 
3221.0                8                                                    8 
3222                  8                                                    8 
3222.batch            8                                                    8 
3222.0                8                                                    8 
3223                 30                                                   30 
3223.batch           30                                                   30 
3223.0               30                                                   30 
3224                 38                                                   38 
3224.batch           38                                                   38 
3224.0               38                                                   38 
3225                 23                                                   23 
3225.batch           23                                                   23 
3225.0               23                                                   23 
3226                 15                                                   15 
3226.batch           15                                                   15 
3226.0               15                                                   15 
3227                 15                                                   15 
3227.batch           15                                                   15 
3227.0               15                                                   15 
3228                 15                                                   15 
3228.batch           15                                                   15 
3228.0               15                                                   15 
3229                240                                                  240 
3229.batch          240                                                  240 
3229.0              240                                                  240 
3230                240                                                  240 
3230.batch          240                                                  240 
3230.0              240                                                  240 
3231              48000                                                 3000 
3232                  8                                                    8 
3233                  8                                                    8 
3234                  8                                                    8 
3235                  8                                                    8 
3236                  8                                                    8 
3237                 15                                                   15 
3238                  8                                                    8 
3239                 15                                                   15 
3240                 15                                                   15 
3241                 15                                                   15 
3242                 30                                                   30 
3243                  8                                                    8 
3244                  8                                                    8 
3245                120                                                  120 
3246                  8                                                    8 
3247                  8                                                    8 
3248                  8                                                    8 
3249                  8                                                    8 
3250                  8                                                    8 
3251                 23                                                   23 
3252                 30                                                   30 
3253                 30                                                   30 
3254                  8                                                    8 
3255                  8                                                    8 
3256                 30                                                   30 
3257                 60                                                   60 
3258                 15                                                   15 
3259                 15                                                   15 
3260                  8                                                    8 
3261                  8                                                    8 
3262                 23                                                   23 
3263                 15                                                   15 
3264                 23                                                   23 
3265                  8                                                    8 
3266                 30                                                   30 
3267                 38                                                   38 
3268                  8                                                    8 
3269                  8                                                    8 
3270                 15                                                   15 
3271                 60                                                   60 
3272                 30                                                   30 
3273                  8                                                    8 
3274                  8                                                    8 
3275                 15                                                   15 
3276                  8                                                    8 
3277                 15                                                   15 
3278                 15                                                   15 
3279                  8                                                    8 
3280                  8                                                    8 
3281                 23                                                   23 
3282                  8                                                    8 
3283                 30                                                   30 
3284                 23                                                   23 
3285                  8                                                    8 
3286                  8                                                    8 
3287                  8                                                    8 
3288                 60                                                   60 
3289                 30                                                   30 
3290                  8                                                    8 
3291                  8                                                    8 
3292                  8                                                    8 
3293                  8                                                    8 
3294                 60                                                   60 
3295                120                                                  120 
3296                  8                                                    8 
3297                  8                                                    8 
3298                  8                                                    8 
3299                 30                                                   30 
3300                 15                                                   15 
3301                 30                                                   30 
3302                 15                                                   15 
3303                 15                                                   15 
3304                 30                                                   30 
3305                  8                                                    8 
3306                 30                                                   30 
3307                 30                                                   30 
3308                  8                                                    8 
3309                  8                                                    8 
3310                 60                                                   60 
3311                  8                                                    8 
3312                 30                                                   30 
3313                 30                                                   30 
3314                  8                                                    8 
3315                  8                                                    8 
3316                 30                                                   30 
3317                  8                                                    8 
3318                  8                                                    8 
3319                 23                                                   23 
3320                  8                                                    8 
3321                 30                                                   30 
3322                 30                                                   30 
3323                 38                                                   38 
3324                 30                                                   30 
3325                 30                                                   30 
3326                  8                                                    8 
3327                  8                                                    8 
3328                  8                                                    8 
3329                  8                                                    8 
3330                120                                                  120 
3331                  8                                                    8 
3332                 15                                                   15 
3333                  8                                                    8 
3334                 30                                                   30 
3335                 30                                                   30 
3336                 15                                                   15 
3337                 15                                                   15 
3338                  8                                                    8 
3339                  8                                                    8 
3340                 30                                                   30 
3341                 30                                                   30 
3342                  8                                                    8 
3343                 15                                                   15 
3344                 60                                                   60 
3345                  8                                                    8 
3346                 30                                                   30 
3347                 30                                                   30 
3348                 30                                                   30 
3349                  8                                                    8 
3350                  8                                                    8 
3351                 30                                                   30 
3352                  8                                                    8 
3353                  8                                                    8 
3354                 15                                                   15 
3355                 30                                                   30 
3356                 15                                                   15 
3357                  8                                                    8 
3358                  8                                                    8 
3359                 15                                                   15 
3360                  8                                                    8 
3361                 30                                                   30 
3362                 30                                                   30 
3363                 60                                                   60 
3364                  8                                                    8 
3365                  8                                                    8 
3366                 15                                                   15 
3367                  8                                                    8 
3368                 15                                                   15 
3369                 15                                                   15 
3370                 30                                                   30 
3371                  8                                                    8 
3372                  8                                                    8 
3373                 30                                                   30 
3374                  8                                                    8 
3375                  8                                                    8 
3376                 23                                                   23 
3377                 15                                                   15 
3378                  8                                                    8 
3379                  8                                                    8 
3380                 15                                                   15 
3381                 30                                                   30 
3382                 15                                                   15 
3383                  8                                                    8 
3384                  8                                                    8 
3385                  8                                                    8 
3386                  8                                                    8 
3387                 60                                                   60 
3388                 30                                                   30 
3389                 15                                                   15 
3390                  8                                                    8 
3391                 60                                                   60 
3392                 30                                                   30 
3393                 23                                                   23 
3394                 23                                                   23 
3395                120                                                  120 
3396                 15                                                   15 
3397                 30                                                   30 
3398                 15                                                   15 
3399                 30                                                   30 
3400                  8                                                    8 
3401                 60                                                   60 
3402                  8                                                    8 
3403                  8                                                    8 
3404                  8                                                    8 
3405                 38                                                   38 
3406                  8                                                    8 
3407                 38                                                   38 
3408                120                                                  120 
3409                  8                                                    8 
3410                  8                                                    8 
3411                 15                                                   15 
3412                  8                                                    8 
3413                  8                                                    8 
3414                 38                                                   38 
3415                 60                                                   60 
3416                 15                                                   15 
3417                  8                                                    8 
3418                 30                                                   30 
3419                 15                                                   15 
3420                 15                                                   15 
3421                 60                                                   60 
3422                 23                                                   23 
3423                  8                                                    8 
3424                 30                                                   30 
3425                 23                                                   23 
3426                 15                                                   15 
3427                  8                                                    8 
3428                 15                                                   15 
3429                  8                                                    8 
3430                  8                                                    8 
3431                 60                                                   60 
3432                  8                                                    8 
3433                 23                                                   23 
3434                  8                                                    8 
3435                  8                                                    8 
3436                 60                                                   60 
3437                 60                                                   60 
3438                  8                                                    8 
3439                 30                                                   30 
3440                 15                                                   15 
3441                 60                                                   60 
3442                 23                                                   23 
3443                  8                                                    8 
3444                120                                                  120 
3445                 15                                                   15 
3446                 15                                                   15 
3447                 60                                                   60 
3448                 60                                                   60 
3449                 23                                                   23 
3450                  8                                                    8 
3451                  8                                                    8 
3452                  8                                                    8 
3453                  8                                                    8 
3454                 30                                                   30 
3455                 38                                                   38 
3456                 23                                                   23 
3457                 15                                                   15 
3458                 15                                                   15 
3459                 15                                                   15 
3460                240                                                  240 
3461                240                                                  240 
